((("$tasks" .
   [1 0 0 0 0 0])
  ("$container" .
   [0 0 0 0 0 1 0 0 0 0])
  ("Yii" .
   [1 0 0])
  ("$query" .
   [1 0 0 1 0 0])
  ("Url" .
   [1 0 0])
  ("Personnel" .
   [1 0 0 0 0 0 0 1 0])
  ("Personal" .
   [0 0 0 1 0 0 0 0])
  ("false" .
   [1 0 0 0 0])
  ("all" .
   [2 0 0])
  ("where" .
   [2 0 0 0 0])
  ("$id" .
   [4 0 0])
  ("Json" .
   [1 0 0 0])
  ("find" .
   [2 0 0 0])
  ("$this" .
   [2 0 0 0 0])
  ("return" .
   [0 0 0 2 3 0])
  ("function" .
   [0 0 0 0 1 0 0 0])
  ("public" .
   [0 0 0 1 0 0])
  ("get" .
   [2 0 0])
  ("backend" .
   [0 0 0 1 2 0 0])
  ("model" .
   [0 0 0 0 2])
  ("models" .
   [2 0 0 0 0 0])
  ("LoginForm" .
   [0 0 0 0 0 1 0 0 0])
  ("var_dump" .
   [0 0 0 0 0 2 0 0])
  ("第三方" .
   [1 0 0])))
